{"n_step":2000,"k":0.179,"m0":0.003,"omega":0.5,"P_opt":[[[173706.62067248306,-69495.570149379433,11.262164557404219,-1.8427780357867758E-14,38326.432461935728],[-69495.570149379433,28151.795953181634,-8.2785566421912389,1.24128503535026E-15,-15125.46933789972],[11.262164557404219,-8.2785566421912389,3.4984986512230867,1.2570116811301737E-14,0.093235875030569945],[-1.8427780357867758E-14,1.24128503535026E-15,1.2570116811301737E-14,57195.46920047357,7.7383878359809922E-15],[38326.432461935728,-15125.46933789972,0.093235875030569945,7.7383878359809922E-15,8610.6566931804]],[[169171.86371398772,-66235.417629049538,11.270574005840679,-2.5084874644989111E-14,37673.472253369808],[-66235.417629049538,26285.096726629123,-8.26790699374162,5.9410493225416782E-15,-14540.302742632495],[11.270574005840679,-8.26790699374162,3.4940431584488949,1.1414982102003241E-14,0.048075490139736138],[-2.5084874644989111E-14,5.9410493225416782E-15,1.1414982102003241E-14,56661.00294167189,7.7704782007249635E-15],[37673.472253369808,-14540.302742632495,0.048075490139736138,7.7704782007249635E-15,8542.9051784344265]],[[164710.51184859982,-63047.516571687105,11.279705643715815,-2.45768628739887E-14,37040.063144628213],[-63047.516571687105,24489.142860053347,-8.2568368311152334,3.2706339355236531E-15,-13966.241145447091],[11.279705643715815,-8.2568368311152334,3.4892993729737998,1.4646004306998698E-14,0.0023706567524918419],[-2.45768628739887E-14,3.2706339355236531E-15,1.4646004306998698E-14,56353.067035260632,9.1583218948912308E-15],[37040.063144628213,-13966.241145447091,0.0023706567524918419,9.1583218948912308E-15,8481.8777893325714]],[[160323.99659018213,-59932.62578056808,11.289026673203551,-4.9279410431715059E-14,36425.761293466618],[-59932.62578056808,22764.051029855156,-8.2451575282179714,1.679597074120688E-14,-13402.861186559463],[11.289026673203551,-8.2451575282179714,3.484258879383749,1.4880296700724287E-14,-0.043737932146109944],[-4.9279410431715059E-14,1.679597074120688E-14,1.4880296700724287E-14,56042.53884880578,1.1927935206955215E-14],[36425.761293466618,-13402.861186559463,-0.043737932146109944,1.1927935206955215E-14,8427.4631223923152]],[[156013.60710115227,-56891.373370339577,11.298060853425664,-5.3981249699165284E-14,35830.092804302862],[-56891.373370339577,21109.818089781751,-8.2327043394457586,1.8271353125130654E-14,-12849.730031884103],[11.298060853425664,-8.2327043394457586,3.4789252880655139,1.6952252606347615E-14,-0.090115702874533188],[-5.3981249699165284E-14,1.8271353125130654E-14,1.6952252606347615E-14,55729.559160195582,1.3114901244545009E-14],[35830.092804302862,-12849.730031884103,-0.090115702874533188,1.3114901244545009E-14,8379.5431483324846]],[[151780.48928183355,-53924.257248741553,11.306378650718388,-4.1770669777974739E-14,35252.55707923045],[-53924.257248741553,19526.32301652091,-8.2193293858643255,9.1033927827190143E-15,-12306.40819132554],[11.306378650718388,-8.2193293858643255,3.4733115528427643,2.1522585738595592E-14,-0.13663486291293625],[-4.1770669777974739E-14,9.1033927827190143E-15,2.1522585738595592E-14,55414.266478638267,1.3125507288030331E-14],[35252.55707923045,-12306.40819132554,-0.13663486291293625,1.3125507288030331E-14,8337.9937079492174]],[[147625.64482899412,-51031.645867226951,11.313590899588172,-3.6472340551333962E-14,34692.630299197059],[-51031.645867226951,18013.32923974689,-8.2048953133361646,4.6468042132272889E-15,-11772.452322089148],[11.313590899588172,-8.2048953133361646,3.4674363791693033,2.506031769318939E-14,-0.18317625243533411],[-3.6472340551333962E-14,4.6468042132272889E-15,2.506031769318939E-14,55096.7969918393,1.3301871734913186E-14],[34692.630299197059,-11772.452322089148,-0.18317625243533411,1.3301871734913186E-14,8302.6849676834227]],[[143549.93220711764,-48213.780243180794,11.319372139673769,-4.122384308532966E-14,34149.768746318165],[-48213.780243180794,16570.487872800746,-8.1892914157604739,9.5109384567427888E-15,-11247.417865880116],[11.319372139673769,-8.1892914157604739,3.4613262481751494,2.229849669257951E-14,-0.22963078898782951],[-4.122384308532966E-14,9.5109384567427888E-15,2.229849669257951E-14,54777.284517711429,1.2446995964529879E-14],[34149.768746318165,-11247.417865880116,-0.22963078898782951,1.2446995964529879E-14,8273.4818746901838]],[[139554.0670279325,-45470.775884927913,11.323444097691194,-3.5711177889563294E-14,33623.412249162437],[-45470.775884927913,15197.34106746975,-8.17242310029569,4.5408846834220428E-15,-10730.861656332287],[11.323444097691194,-8.17242310029569,3.4550124424811788,2.5826925062393029E-14,-0.27589928101488204],[-3.5711177889563294E-14,4.5408846834220428E-15,2.5826925062393029E-14,54455.860460528362,1.287680650677298E-14],[33623.412249162437,-10730.861656332287,-0.27589928101488204,1.287680650677298E-14,8250.2445668515265]],[[135638.62374500916,-42802.6256388412,11.325582723766477,-1.6270680166422521E-14,33112.987492652886],[-42802.6256388412,13893.326035426026,-8.1542165120085528,-5.6602737352755445E-15,-10222.34435880095],[11.325582723766477,-8.1542165120085528,3.4485304329216562,2.5544443295722663E-14,-0.32189360187433419],[-1.6270680166422521E-14,-5.6602737352755445E-15,2.5544443295722663E-14,54132.653771429264,1.017801819522234E-14],[33112.987492652886,-10222.34435880095,-0.32189360187433419,1.017801819522234E-14,8232.828770998316]],[[131804.03769337176,-40209.202896925468,11.325607352165706,-1.6760083949013752E-14,32617.911274797469],[-40209.202896925468,12657.779396657104,-8.1346138073054259,-6.4444765770360531E-15,-9721.43278447865],[11.325607352165706,-8.1346138073054259,3.4419191787805725,2.77866153853429E-14,-0.3675353016883231],[-1.6760083949013752E-14,-6.4444765770360531E-15,2.77866153853429E-14,53807.790913176905,1.0772427778473246E-14],[32617.911274797469,-9721.43278447865,-0.3675353016883231,1.0772427778473246E-14,8221.0861774472942]],[[128050.60814404637,-37690.265468314115,11.323333592771531,-5.5087966761764412E-14,32137.593567322256],[-37690.265468314115,11489.941987955292,-8.11356156969142,1.5474849899605491E-14,-9227.7020153704525],[11.323333592771531,-8.11356156969142,3.4352320155849787,2.8064762130030723E-14,-0.41273979896367008],[-5.5087966761764412E-14,1.5474849899605491E-14,2.8064762130030723E-14,53481.395829068177,1.4872064086157988E-14],[32137.593567322256,-9227.7020153704525,-0.41273979896367008,1.4872064086157988E-14,8214.8648196311569]],[[124378.50141083852,-35245.459756938981,11.318629250680681,-4.0148752264496853E-14,31671.440616793869],[-35245.459756938981,10388.96397451011,-8.0910373350619587,8.3283110429627238E-15,-8740.7374152189313],[11.318629250680681,-8.0910373350619587,3.4285351495033889,2.6824937820821094E-14,-0.45742630490495095],[-4.0148752264496853E-14,8.3283110429627238E-15,2.6824937820821094E-14,53153.589915893288,1.2347397238486678E-14],[31671.440616793869,-8740.7374152189313,-0.45742630490495095,1.2347397238486678E-14,8214.0093882490655]],[[120787.75458999799,-32874.325349794126,11.311445823917635,-4.6385494117502632E-14,31218.857858372525],[-32874.325349794126,9353.9102298402,-8.0670695345654568,1.7794702096817658E-14,-8260.1364522056847],[11.311445823917635,-8.0670695345654568,3.4219110605502574,1.783678519480515E-14,-0.50152034088261133],[-4.6385494117502632E-14,1.7794702096817658E-14,1.783678519480515E-14,52824.492000837046,9.52948608502173E-15],[31218.857858372525,-8260.1364522056847,-0.50152034088261133,9.52948608502173E-15,8218.361541968643]],[[117278.28015124981,-30576.300166938825,11.301867876432281,-4.0469961889971136E-14,30779.25262684709],[-30576.300166938825,8383.7660607609887,-8.0417662359280886,1.4492151510517814E-14,-7785.5103120592012],[11.301867876432281,-8.0417662359280886,3.4154614527905731,1.8410708067137023E-14,-0.54495987386147715],[-4.0469961889971136E-14,1.4492151510517814E-14,1.8410708067137023E-14,52494.21832221232,8.7553897283462088E-15],[30779.25262684709,-7785.5103120592012,-0.54495987386147715,8.7553897283462088E-15,8227.7602061955276]],[[113849.87117305188,-28350.726037659941,11.290181936930185,-3.7348038573031963E-14,30352.036667696033],[-28350.726037659941,7477.4431676963623,-8.0153407093818139,1.2497896943698284E-14,-7316.4852958836582],[11.290181936930185,-8.0153407093818139,3.4092962106331908,1.9177493840660949E-14,-0.58771605507516511],[-3.7348038573031963E-14,1.2497896943698284E-14,1.9177493840660949E-14,52162.882513914177,8.5396121411239938E-15],[30352.036667696033,-7316.4852958836582,-0.58771605507516511,8.5396121411239938E-15,8242.0418517275666]],[[110502.20712618376,-26196.854549123294,11.276883212176319,-5.70924698637331E-14,29936.628375839049],[-26196.854549123294,6633.7856842459032,-7.9880777519148873,2.4885823266846886E-14,-6852.7039716455047],[11.276883212176319,-7.9880777519148873,3.4034914228523232,1.85067754346924E-14,-0.62982773053981089],[-5.70924698637331E-14,2.4885823266846886E-14,1.85067754346924E-14,51830.5955934815,1.0013820295293204E-14],[29936.628375839049,-6852.7039716455047,-0.62982773053981089,1.0013820295293204E-14,8261.0407668449916]],[[107234.85939824655,-24113.85259622151,11.262473698692348,-5.3285314251378085E-14,29532.454767030729],[-24113.85259622151,5851.5759199107561,-7.9601723439599779,2.0306910881519597E-14,-6393.826115808487],[11.262473698692348,-7.9601723439599779,3.3980211796771824,2.3510529728087359E-14,-0.67141971419888824],[-5.3285314251378085E-14,2.0306910881519597E-14,2.3510529728087359E-14,51497.465953650666,1.0997858421742125E-14],[29532.454767030729,-6393.826115808487,-0.67141971419888824,1.0997858421742125E-14,8284.5893473079213]],[[104047.29546336221,-22100.807105760934,11.247094433871172,-3.9257442789730427E-14,29138.953412427651],[-22100.807105760934,5129.5396039283505,-7.9315262810444871,1.2520054017074042E-14,-5939.52961198127],[11.247094433871172,-7.9315262810444871,3.3927313214130912,2.3739219738999548E-14,-0.71265591458190414],[-3.9257442789730427E-14,1.2520054017074042E-14,2.3739219738999548E-14,51163.599357285144,9.1563073193205979E-15],[29138.953412427651,-5939.52961198127,-0.71265591458190414,9.1563073193205979E-15,8312.5184026248]],[[100938.883209267,-20156.730130272455,11.230437440555654,-4.9594430524993058E-14,28755.574450067164],[-20156.730130272455,4466.3514932941634,-7.9017824746075753,1.6931377097772037E-14,-5489.5113343332487],[11.230437440555654,-7.9017824746075753,3.3874163191194753,2.7940224569483426E-14,-0.75365744287741177],[-4.9594430524993058E-14,1.6931377097772037E-14,2.7940224569483426E-14,50829.0989355638,1.1188730689482099E-14],[28755.574450067164,-5489.5113343332487,-0.75365744287741177,1.1188730689482099E-14,8344.6574289422933]],[[97908.897382924639,-18280.565343452614,11.212028956258317,-2.4868557401146272E-14,28381.782357106003],[-18280.565343452614,3860.6417949460451,-7.8705597957398421,4.0645848877731421E-15,-5043.4877782103458],[11.212028956258317,-7.8705597957398421,3.3819174195349571,2.5135543371972108E-14,-0.794473339258161],[-2.4868557401146272E-14,4.0645848877731421E-15,2.5135543371972108E-14,50494.065189309789,7.6234967941776085E-15],[28381.782357106003,-5043.4877782103458,-0.794473339258161,7.6234967941776085E-15,8380.8348350177457]],[[94956.5270727982,-16471.194958310822,11.191481383814278,-2.6924068241166091E-14,28017.05730950848],[-16471.194958310822,3311.0026090462807,-7.8376056521821535,6.6709534052569725E-15,-4601.195366379502],[11.191481383814278,-7.8376056521821535,3.376157162564259,2.2954364856649641E-14,-0.8351013724403018],[-2.6924068241166091E-14,6.6709534052569725E-15,2.2954364856649641E-14,50158.595993341958,7.0492531533823375E-15],[28017.05730950848,-4601.195366379502,-0.8351013724403018,7.0492531533823375E-15,8420.8781614221825]],[[92080.882515920181,-14727.446006605118,11.168531055957766,-2.95508553265633E-14,27660.896283244991],[-14727.446006605118,2815.9937975897792,-7.8028227692851857,9.0246264069707528E-15,-4162.390588390308],[11.168531055957766,-7.8028227692851857,3.3701640353576567,2.1998884135291179E-14,-0.875481858479472],[-2.95508553265633E-14,9.0246264069707528E-15,2.1998884135291179E-14,49822.786603729677,6.8710219107919081E-15],[27660.896283244991,-4162.390588390308,-0.875481858479472,6.8710219107919081E-15,8464.6143299621781]],[[89281.001519268015,-13048.096318121428,11.143057767976947,-1.3090204983097351E-14,27312.814023531653],[-13048.096318121428,2374.1485275126624,-7.7662338269777784,-1.8637571525314703E-15,-3726.8499893966],[11.143057767976947,-7.7662338269777784,3.3640268085435454,2.5087648211579015E-14,-0.91553575293249123],[-1.3090204983097351E-14,-1.8637571525314703E-15,2.5087648211579015E-14,49486.729667833351,5.7748365517689689E-15],[27312.814023531653,-3726.8499893966,-0.91553575293249123,5.7748365517689689E-15,8511.86985060755]],[[86555.8555934256,-11431.88021253795,11.115055686286906,-1.0521709347000821E-14,26972.343843043393],[-11431.88021253795,1983.978529670916,-7.7279400638015705,-3.2524336927643433E-15,-3294.3700491481795],[11.115055686286906,-7.7279400638015705,3.3578670763920839,2.5352500606867866E-14,-0.95517997094989282],[-1.0521709347000821E-14,-3.2524336927643433E-15,2.5352500606867866E-14,49150.515237012223,5.5069725047206462E-15],[26972.343843043393,-3294.3700491481795,-0.95517997094989282,5.5069725047206462E-15,8562.4710407787989]],[[83904.356002387372,-9877.4940463095154,11.08460410036578,-5.932573820036198E-16,26639.038254397565],[-9877.4940463095154,1643.9791568276244,-7.688090637879534,-7.73700222151201E-15,-2864.7669466437565],[11.08460410036578,-7.688090637879534,3.3518216444113835,2.2215009724340194E-14,-0.994334438045761],[-5.932573820036198E-16,-7.73700222151201E-15,2.2215009724340194E-14,48814.230781881786,3.7609649589197143E-15],[26639.038254397565,-2864.7669466437565,-0.994334438045761,3.7609649589197143E-15,8616.2442466316643]],[[81325.359742756293,-8383.6016186517318,11.051847346522827,3.3626554493086633E-15,26312.469441929177],[-8383.6016186517318,1352.6342352162892,-7.6468620095960231,-8.7672861868212152E-15,-2437.8762141257939],[11.051847346522827,-7.6468620095960231,3.3460290503846806,1.9339063042958857E-14,-1.032927341022615],[3.3626554493086633E-15,-8.7672861868212152E-15,1.9339063042958857E-14,48477.96121000428,2.6179154223742116E-15],[26312.469441929177,-2437.8762141257939,-1.032927341022615,2.6179154223742116E-15,8673.0160624662058]],[[78817.67538804849,-6948.8393883781855,11.016976110222268,1.0768204963774311E-14,25992.22958218832],[-6948.8393883781855,1108.4206749506034,-7.6044413970317768,-1.3523955768265801E-14,-2013.5522915848171],[11.016976110222268,-7.6044413970317768,3.3406189914096545,2.0880674320248794E-14,-1.070898601343413],[1.0768204963774311E-14,-1.3523955768265801E-14,2.0880674320248794E-14,48141.788885896189,1.9201598888736664E-15],[25992.22958218832,-2013.5522915848171,-1.070898601343413,1.9201598888736664E-15,8732.61354826581]],[[76380.068788423319,-5571.8214940586076,10.980214663945823,1.3258535471292304E-14,25677.931022344663],[-5571.8214940586076,909.81283499225117,-7.5610168973532188,-1.4995097261355391E-14,-1591.6679922752667],[10.980214663945823,-7.5610168973532188,3.3357055255414347,2.15111659462914E-14,-1.1082020402592176],[1.3258535471292304E-14,-1.4995097261355391E-14,2.15111659462914E-14,47805.7936532384,1.6038836271614496E-15],[25677.931022344663,-1591.6679922752667,-1.1082020402592176,1.6038836271614496E-15,8794.8644453061352]],[[74011.268513793533,-4251.1445030607374,10.941803658514742,1.1313620592477871E-14,25369.206333186077],[-4251.1445030607374,755.286594649836,-7.5167660195267114,-1.1868002148293393E-14,-1172.1138939955351],[10.941803658514742,-7.5167660195267114,3.3313805312934619,1.6408771311948829E-14,-1.1448064759773224],[1.1313620592477871E-14,-1.1868002148293393E-14,1.6408771311948829E-14,47470.052859175281,7.69088128576782E-16],[25369.206333186077,-1172.1138939955351,-1.1448064759773224,7.69088128576782E-16,8859.59738893018]],[[71709.971176860941,-2985.3919782523417,10.901994092323696,9.21948082989581E-15,25065.708236001425],[-2985.3919782523417,643.32319229917437,-7.4718542116431612,-9.3921297669013353E-15,-754.79766009020443],[10.901994092323696,-7.4718542116431612,3.327713314949087,1.3138652489551377E-14,-1.180695629854851],[9.21948082989581E-15,-9.3921297669013353E-15,1.3138652489551377E-14,47134.641380591434,3.967928984752398E-16],[25065.708236001425,-754.79766009020443,-1.180695629854851,3.967928984752398E-16,8926.6421195461917]],[[69474.846412554543,-1773.1387173673531,10.86102829243889,-1.691763894371669E-16,24767.109429131157],[-1773.1387173673531,572.41273927052919,-7.426426296261198,-1.7987698202821754E-15,-339.64331011503339],[10.86102829243889,-7.426426296261198,3.32475182183872,7.2761729734770065E-15,-1.2158657098399528],[-1.691763894371669E-16,-1.7987698202821754E-15,7.2761729734770065E-15,46799.63165225515,5.7201158568209914E-16],[24767.109429131157,-339.64331011503339,-1.2158657098399528,5.7201158568209914E-16,8995.8296903457249]],[[67304.541706641612,-612.9548000549778,10.819130085936152,1.0569258254656339E-14,24473.1023286691],[-612.9548000549778,541.05751075599221,-7.3806155693102342,-8.9385512585567851E-15,73.409540431174833],[10.819130085936152,-7.3806155693102342,3.322569215288671,9.5014151037459373E-15,-1.250319051195748],[1.0569258254656339E-14,-8.9385512585567851E-15,9.5014151037459373E-15,46465.093696720716,-3.2386209357412737E-16],[24473.1023286691,73.409540431174833,-1.250319051195748,-3.2386209357412737E-16,9066.992689057859]],[[65197.686880764391,496.59069916935806,10.776501691335723,9.6141226793716163E-16,24183.398692749426],[496.59069916935806,547.77489021174335,-7.3345207108764052,-2.8235632951601406E-15,484.40651934300888],[10.776501691335723,-7.3345207108764052,3.3211829651287883,9.4050171573929445E-15,-1.2840728541746691],[9.6141226793716163E-16,-2.8235632951601406E-15,9.4050171573929445E-15,46131.0951558831,4.4705653553484E-16],[24183.398692749426,484.40651934300888,-1.2840728541746691,4.4705653553484E-16,9139.9654081690551]],[[63152.898438644857,1556.9261736581082,10.733325153821252,-1.4408004588535726E-14,23897.729186859931],[1556.9261736581082,591.10012508422108,-7.288218760016508,6.832396846857437E-15,893.37933309671973],[10.733325153821252,-7.288218760016508,3.3205839413946103,9.06820188532686E-15,-1.3171534222492656],[-1.4408004588535726E-14,6.832396846857437E-15,9.06820188532686E-15,45797.701324079811,2.1408435532536975E-15],[23897.729186859931,893.37933309671973,-1.3171534222492656,2.1408435532536975E-15,9214.5840463211371]],[[61168.783118026062,2569.4745547094362,10.689700404893102,-1.7936296350788848E-14,23615.842934954897],[2569.4745547094362,669.58859271833455,-7.2417319247867304,9.3087710694465658E-15,1300.3465896614894],[10.689700404893102,-7.2417319247867304,3.3207465289102212,8.5225575819611459E-15,-1.3495866872924021],[-1.7936296350788848E-14,9.3087710694465658E-15,8.5225575819611459E-15,45464.975182638809,2.3312096544327103E-15],[23615.842934954897,1300.3465896614894,-1.3495866872924021,2.3312096544327103E-15,9290.6868986588433]],[[59243.941617374359,3535.6503561518612,10.645636864934469,-3.0333745219025542E-14,23337.506977493838],[3535.6503561518612,781.81799332780292,-7.1950244787360909,1.7002975673219672E-14,1705.3146590654758],[10.645636864934469,-7.1950244787360909,3.3216307917262275,9.5326434073023848E-15,-1.3813950150876513],[-3.0333745219025542E-14,1.7002975673219672E-14,9.5326434073023848E-15,45132.977435770925,3.4451081549798829E-15],[23337.506977493838,1705.3146590654758,-1.3813950150876513,3.4451081549798829E-15,9368.1145395111453]],[[57376.973476052372,4456.8560513514094,10.601247568777037,-1.4701196541267266E-14,23062.505538349433],[4456.8560513514094,926.39089466000871,-7.1481268711930461,7.95732797936737E-15,2108.2786350325159],[10.601247568777037,-7.1481268711930461,3.3231992339114145,7.0217843316731853E-15,-1.4126188566104696],[-1.4701196541267266E-14,7.95732797936737E-15,7.0217843316731853E-15,44801.766547710351,1.433161871678981E-15],[23062.505538349433,2108.2786350325159,-1.4126188566104696,1.433161871678981E-15,9446.7100051989837]],[[55566.479424985788,5334.4801712778917,10.556633307955494,-2.527566353086191E-14,22790.639490652415],[5334.4801712778917,1101.9360899041728,-7.1010709713453908,1.4593767651921753E-14,2509.2231297809449],[10.556633307955494,-7.1010709713453908,3.3254319485406612,7.4279888185624324E-15,-1.443293100786377],[-2.527566353086191E-14,1.4593767651921753E-14,7.4279888185624324E-15,44471.398781006748,2.5036256355141279E-15],[22790.639490652415,2509.2231297809449,-1.443293100786377,2.5036256355141279E-15,9526.3189711804589]],[[53811.064411884538,6169.8950464128848,10.511881793562441,-1.5784273705682115E-14,22521.725681612592],[6169.8950464128848,1307.1101051193982,-7.0538833676700232,8.0993349436551978E-15,2908.1231441330783],[10.511881793562441,-7.0538833676700232,3.3283100587073604,1.090672759205222E-14,-1.4734539191387834],[-1.5784273705682115E-14,8.0993349436551978E-15,1.090672759205222E-14,44141.928235876745,1.9081194435857085E-15],[22521.725681612592,2908.1231441330783,-1.4734539191387834,1.9081194435857085E-15,9606.7899070226431]],[[52109.339524472613,6964.4552810912819,10.4671597392738,-2.49980281427775E-14,22255.596415296041],[6964.4552810912819,1540.5982017945403,-7.0066398370698026,1.476302758721937E-14,3304.9448125105191],[10.4671597392738,-7.0066398370698026,3.3318057659717817,6.9495786783185113E-15,-1.5031574498425657],[-2.49980281427775E-14,1.476302758721937E-14,6.9495786783185113E-15,43813.406890523846,2.2439074443398487E-15],[22255.596415296041,3304.9448125105191,-1.5031574498425657,2.2439074443398487E-15,9687.9741965070425]],[[50459.926252651181,7719.4949297688772,10.422526494208906,-1.4998090406534446E-14,21992.098410758295],[7719.4949297688772,1801.1160721750468,-6.9593543005842209,8.1912780647650745E-15,3699.6464302650556],[10.422526494208906,-6.9593543005842209,3.3358959060445486,9.1231758224741179E-15,-1.5324472182286863],[-1.4998090406534446E-14,8.1912780647650745E-15,9.1231758224741179E-15,43485.884642339093,1.5401324588509856E-15],[21992.098410758295,3699.6464302650556,-1.5324472182286863,1.5401324588509856E-15,9769.7263477399156]],[[48861.457968299284,8436.3263819590666,10.37799505783055,-3.4945623310552139E-14,21731.092222033862],[8436.3263819590666,2087.4104664125607,-6.912016596489301,2.2040407274696639E-14,4092.1791802126877],[10.37799505783055,-6.912016596489301,3.3405649799133696,2.0161838368875265E-15,-1.5613595986205726],[-3.4945623310552139E-14,2.2040407274696639E-14,2.0161838368875265E-15,43159.409349897054,2.4556302997628214E-15],[21731.092222033862,4092.1791802126877,-1.5613595986205726,2.4556302997628214E-15,9851.9041124493542]],[[47312.581754280909,9116.2391060963819,10.333568611166417,-5.6788719414656083E-14,21472.451576252141],[9116.2391060963819,2398.25984565931,-6.8646145890155479,3.6323541681875775E-14,4482.48788109564],[10.333568611166417,-6.8646145890155479,3.3458076871130897,-1.0626590252167294E-15,-1.5899284947673131],[-5.6788719414656083E-14,3.6323541681875775E-14,-1.0626590252167294E-15,42834.02687566464,4.2601819893553486E-15],[21472.451576252141,4482.48788109564,-1.5899284947673131,4.2601819893553486E-15,9934.36860553328]],[[45811.960313958734,9760.4984090550533,10.289249950195959,-4.4712167645165992E-14,21216.062657929204],[9760.4984090550533,2732.4749724058106,-6.8171388250815514,2.83536581539332E-14,4870.5117410703879],[10.289249950195959,-6.8171388250815514,3.3516247432989927,1.9166160783880553E-15,-1.6181867825395666],[-4.4712167645165992E-14,2.83536581539332E-14,1.9166160783880553E-15,42509.781129341791,3.1071070682246964E-15],[21216.062657929204,4870.5117410703879,-1.6181867825395666,3.1071070682246964E-15,10016.984424481878]],[[44358.273643047876,10370.34439614035,10.245044347677467,-6.3714557936341652E-14,20961.823400214482],[10370.34439614035,3088.8993334407155,-6.7695834477771788,4.0901357994737221E-14,5256.1850800856018],[10.245044347677467,-6.7695834477771788,3.3580191529064431,-2.0186432224545859E-15,-1.6461674299306206],[-6.3714557936341652E-14,4.0901357994737221E-14,-2.0186432224545859E-15,42186.714111757537,4.6847578736103754E-15],[20961.823400214482,5256.1850800856018,-1.6461674299306206,4.6847578736103754E-15,10099.619759437175]],[[42950.220532065978,10946.991082591441,10.200959186535227,-9.3472671514724682E-14,20709.642782605319],[10946.991082591441,3466.4094319061041,-6.72194573315579,6.0370504465964281E-14,5639.43802225344],[10.200959186535227,-6.72194573315579,3.3649988361296956,-6.5366993739809668E-15,-1.6739042921509932],[-9.3472671514724682E-14,6.0370504465964281E-14,-6.5366993739809668E-15,41864.865959245719,6.5898607349539242E-15],[20709.642782605319,5639.43802225344,-1.6739042921509932,6.5898607349539242E-15,10182.146494085728]],[[41586.519689141,11491.625787943669,10.157021334828418,-8.32919070453771E-14,20459.44010459325],[11491.625787943669,3863.9148674577718,-6.6742358803846793,5.3772960868091076E-14,6020.1971827668831],[10.157021334828418,-6.6742358803846793,3.3725596736281815,-5.29725827591485E-15,-1.7014163998491441],[-8.32919070453771E-14,5.3772960868091076E-14,-5.29725827591485E-15,41544.274988428144,5.538773137845337E-15],[20459.44010459325,6020.1971827668831,-1.7014163998491441,5.538773137845337E-15,10264.440210922587]],[[40265.911294135505,12005.408282474242,10.113250626678234,-9.03013206735854E-14,20211.14437432207],[12005.408282474242,4280.3585556608568,-6.62646176825465,5.8208219698031357E-14,6398.3862432475908],[10.113250626678234,-6.62646176825465,3.3807128040817949,-4.9011839028428723E-15,-1.7287306396719853],[-9.03013206735854E-14,5.8208219698031357E-14,-4.9011839028428723E-15,41224.977741335337,6.2333268166480713E-15],[20211.14437432207,6398.3862432475908,-1.7287306396719853,6.2333268166480713E-15,10346.380421573136]],[[38987.157793606886,12489.47045691994,10.069667140157497,-9.1613867137538408E-14,19964.693625117005],[12489.47045691994,4714.7165842667682,-6.5786319593445013,5.89918963297112E-14,6773.9265654659876],[10.069667140157497,-6.5786319593445013,3.3894721941049983,-3.8958468544473944E-15,-1.7558744412160616],[-9.1613867137538408E-14,5.89918963297112E-14,-3.8958468544473944E-15,40907.009030797592,6.4249897336424764E-15],[19964.693625117005,6773.9265654659876,-1.7558744412160616,6.4249897336424764E-15,10427.85057957951]],[[37749.044772756817,12944.915966797576,10.026295836805327,-1.0129854521553096E-13,19720.034271851266],[12944.915966797576,5165.9980706100678,-6.5307584167251855,6.52881167734997E-14,7146.7377529235464],[10.026295836805327,-6.5307584167251855,3.3988539228955581,-5.6629609984070404E-15,-1.7828756706387761],[-1.0129854521553096E-13,6.52881167734997E-14,-5.6629609984070404E-15,40590.401986041375,7.342927535084005E-15],[19720.034271851266,7146.7377529235464,-1.7828756706387761,7.342927535084005E-15,10508.738138612929]],[[36550.381592589205,13372.820050822191,9.9831597391408256,-1.0362622706702994E-13,19477.120500704805],[13372.820050822191,5633.2448927097639,-6.4828519389388379,6.6774809028170022E-14,7516.738169892471],[9.9831597391408256,-6.4828519389388379,3.40887531093862,-5.8025485777213696E-15,-1.8097621690174777],[-1.0362622706702994E-13,6.6774809028170022E-14,-5.8025485777213696E-15,40275.1880984286,7.6697536932756429E-15],[19477.120500704805,7516.738169892471,-1.8097621690174777,7.6697536932756429E-15,10588.934604371678]],[[35390.002014382488,13774.229377066564,9.94028411749867,-1.1547324209488512E-13,19235.913670633487],[13774.229377066564,6115.5313913588252,-6.43492473821886,7.44005154865838E-14,7883.8454333002292],[9.94028411749867,-6.43492473821886,3.4195551637299717,-7.7787356328945972E-15,-1.8365623117669547],[-1.1547324209488512E-13,7.44005154865838E-14,-7.7787356328945972E-15,39961.397267278538,9.2828833252800473E-15],[19235.913670633487,7883.8454333002292,-1.8365623117669547,9.2828833252800473E-15,10668.335577966182]],[[34266.764586253739,14150.162059260056,9.89769295747521,-1.2961677855844054E-13,18996.381749315635],[14150.162059260056,6611.9639540201842,-6.3869877465676819,8.3506463710560151E-14,8247.9768638736277],[9.89769295747521,-6.3869877465676819,3.4308976567428386,-1.0684187333035884E-14,-1.863304399318781],[-1.2961677855844054E-13,8.3506463710560151E-14,-1.0684187333035884E-14,39649.057845714742,1.1027173374417377E-14],[18996.381749315635,8247.9768638736277,-1.863304399318781,1.1027173374417377E-14,10746.840788757612]],[[33179.553056413155,14501.607670232608,9.8554149576606687,-1.3145997746038352E-13,18758.49876118228],[14501.607670232608,7121.6805943721611,-6.3390552975720169,8.4660882377717E-14,8609.0499120821532],[9.8554149576606687,-6.3390552975720169,3.4428982982583869,-1.0503703751606433E-14,-1.8900174570361865],[-1.3145997746038352E-13,8.4660882377717E-14,-1.0503703751606433E-14,39338.196686481322,1.1119783354785647E-14],[18758.49876118228,8609.0499120821532,-1.8900174570361865,1.1119783354785647E-14,10824.35411931944]],[[32127.276627814008,14829.527369407426,9.813475062642425,-1.4922869702107767E-13,18522.244268235852],[14829.527369407426,7643.8504543131858,-6.2911401289911346,9.6051829093051644E-14,8966.9825466070288],[9.813475062642425,-6.2911401289911346,3.4555795540458374,-1.346343855307476E-14,-1.9167312916116601],[-1.4922869702107767E-13,9.6051829093051644E-14,-1.346343855307476E-14,39028.83918767485,1.2802730228516297E-14],[18522.244268235852,8966.9825466070288,-1.9167312916116601,1.2802730228516297E-14,10900.783620884011]],[[31108.87013335761,15134.854090795605,9.7718989952670157,-1.3465257705623553E-13,18287.602870605522],[15134.854090795605,8177.6732651410457,-6.2432551460919994,8.6601298558381887E-14,9321.6936148354653],[9.7718989952670157,-6.2432551460919994,3.468964695436759,-1.2741795728000619E-14,-1.9434764469123249],[-1.3465257705623553E-13,8.6601298558381887E-14,-1.2741795728000619E-14,38721.009338340969,1.1235887316909475E-14],[18287.602870605522,9321.6936148354653,-1.9434764469123249,1.1235887316909475E-14,10976.041520175699]],[[30123.294092821983,15418.492814746192,9.7307109555857743,-1.4525421291463771E-13,18054.563737193112],[15418.492814746192,8722.3787545882,-6.1954119161293173,9.3333426274369868E-14,9673.103169760001],[9.7307109555857743,-6.1954119161293173,3.4830775049501219,-1.4438842463491883E-14,-1.9702840275141058],[-1.4525421291463771E-13,9.3333426274369868E-14,-1.4438842463491883E-14,38414.729763885771,1.2125431004804072E-14],[18054.563737193112,9673.103169760001,-1.9702840275141058,1.2125431004804072E-14,11050.044217456909]],[[29169.534693823771,15681.320894319368,9.6899317572282015,-1.6561748679291286E-13,17823.120161962663],[15681.320894319368,9277.2260200193723,-6.1476194524767953,1.0632741261712451E-13,10021.132767156261],[9.6899317572282015,-6.1476194524767953,3.4979420914622654,-1.7072994082367767E-14,-1.9971854784953331],[-1.6561748679291286E-13,1.0632741261712451E-13,-1.7072994082367767E-14,38110.0217712546,1.4521616581139223E-14],[17823.120161962663,10021.132767156261,-1.9971854784953331,1.4521616581139223E-14,11122.712276305878]],[[28246.603794450159,15924.188371659073,9.6495829342624884,-1.4486271272663767E-13,17593.269134489678],[15924.188371659073,9841.5029108518538,-6.0998868131231525,9.3081781328553051E-14,10365.70574135748],[9.6495829342624884,-6.0998868131231525,3.5135835136555271,-1.1737293198319665E-14,-2.0242131117465672],[-1.4486271272663767E-13,9.3081781328553051E-14,-1.1737293198319665E-14,37806.905393832763,1.2374387798950858E-14],[17593.269134489678,10365.70574135748,-2.0242131117465672,1.2374387798950858E-14,11193.970406704517]],[[27353.538745703416,16147.918412652523,9.6096801583947116,-1.0401041520035032E-13,17365.010948326453],[16147.918412652523,10414.525338972475,-6.05221849269165,6.7043018420745019E-14,10706.747445421237],[9.6096801583947116,-6.05221849269165,3.5300303231973262,-3.6934736600318122E-15,-2.0513994966386906],[-1.0401041520035032E-13,6.7043018420745019E-14,-3.6934736600318122E-15,37505.39943602377,7.53741767049534E-15],[17365.010948326453,10706.747445421237,-2.0513994966386906,7.53741767049534E-15,11263.747439134526]],[[26489.402261377181,16353.307712875703,9.570241880181122,-1.0035018036863384E-13,17138.348821280953],[16353.307712875703,10995.636612128759,-6.0046206702357239,6.4858000278392757E-14,11044.185473227626],[9.570241880181122,-6.0046206702357239,3.5473082593349776,-1.1495739576023203E-15,-2.0787780859507254],[-1.0035018036863384E-13,6.4858000278392757E-14,-1.1495739576023203E-15,37205.521517462774,7.1917371698207236E-15],[17138.348821280953,11044.185473227626,-2.0787780859507254,7.1917371698207236E-15,11331.976292961523]],[[25653.2821216375,16541.127011566728,9.5312855494212574,-1.0489647955550806E-13,16913.288572713573],[16541.127011566728,11584.206703091195,-5.9570985578222286,6.7789466731203884E-14,11377.949834361267],[9.5312855494212574,-5.9570985578222286,3.5654432798595397,-1.7014979140137199E-15,-2.1063837247664043],[-1.0489647955550806E-13,6.7789466731203884E-14,-1.7014979140137199E-15,36907.288116824311,7.7082313025874046E-15],[16913.288572713573,11377.949834361267,-2.1063837247664043,7.7082313025874046E-15,11398.593921797496]],[[24844.290963930242,16712.121545486792,9.49282609686937,-9.269299683908755E-14,16689.838267750842],[16712.121545486792,12179.631566116615,-5.909655313250556,6.0176660623482323E-14,11707.973143349207],[9.49282609686937,-5.909655313250556,3.5844618470728933,1.8837732277790608E-15,-2.1342509320156964],[-9.269299683908755E-14,6.0176660623482323E-14,1.8837732277790608E-15,36610.714615185076,5.8249879328128504E-15],[16689.838267750842,11707.973143349207,-2.1342509320156964,5.8249879328128504E-15,11463.541282973154]],[[24061.566015909782,16867.011537352664,9.4548762949977,-1.1036811914487869E-13,16468.007889836535],[16867.011537352664,12781.332439074533,-5.8622922513507634,7.1540702831067555E-14,12034.190783152992],[9.4548762949977,-5.8622922513507634,3.6043908368743476,7.0844974602622881E-17,-2.1624139428558231],[-1.1036811914487869E-13,7.1540702831067555E-14,7.0844974602622881E-17,36315.815338903143,7.8262240446085361E-15],[16468.007889836535,12034.190783152992,-2.1624139428558231,7.8262240446085361E-15,11526.763297994439]],[[23304.268743003948,17006.492739012505,9.4174498513040952,-1.1480126471783192E-13,16247.809072533928],[17006.492739012505,13388.755116481041,-5.8150108946007135,7.4369041822112028E-14,12356.54102177877],[9.4174498513040952,-5.8150108946007135,3.6252576107357,-8.3756454259399181E-16,-2.1909077796201486],[-1.1480126471783192E-13,7.4369041822112028E-14,-8.3756454259399181E-16,36022.603601977033,8.5190581584443477E-15],[16247.809072533928,12356.54102177877,-2.1909077796201486,8.5190581584443477E-15,11588.208784142151]],[[22571.584440284532,17131.237005481144,9.3805581688128665,-9.3317061316480436E-14,16029.254837785033],[17131.237005481144,14001.369212036338,-5.7678109057146028,6.0616296912546769E-14,12674.965118999169],[9.3805581688128665,-5.7678109057146028,3.6470897709029741,7.5618203982199158E-16,-2.2197679176162395],[-9.3317061316480436E-14,6.0616296912546769E-14,7.5618203982199158E-16,35731.091747848834,6.5418489748159207E-15],[16029.254837785033,12674.965118999169,-2.2197679176162395,6.5418489748159207E-15,11647.830391778713]],[[21862.721861337021,17241.892840768913,9.3442124077967,-8.24707438857815E-14,15812.359346549647],[17241.892840768913,14618.667448235426,-5.7206914265265709,5.3792006787816474E-14,12989.407419394769],[9.3442124077967,-5.7206914265265709,3.6699153848838373,2.2469167773903965E-15,-2.2490305691087804],[-8.24707438857815E-14,5.3792006787816474E-14,2.2469167773903965E-15,35441.2911906166,5.44061348398601E-15],[15812.359346549647,12989.407419394769,-2.2490305691087804,5.44061348398601E-15,11705.584537609218]],[[21176.912812284743,17339.085961117216,9.3084236402259,-7.0786640060906543E-14,15597.13767061221],[17339.085961117216,15240.164944046988,-5.6736511925099586,4.6249841512878229E-14,13299.815426714991],[9.3084236402259,-5.6736511925099586,3.6937629422601379,2.2437866136112505E-15,-2.2787326273175723],[-7.0786640060906543E-14,4.6249841512878229E-14,2.2437866136112505E-15,35153.212455622219,4.5939019513508711E-15],[15597.13767061221,13299.815426714991,-2.2787326273175723,4.5939019513508711E-15,11761.431333087514]],[[20513.4113283322,17423.420121101568,9.2731278781991673,-5.3006093246831386E-14,15383.605691214298],[17423.420121101568,15865.398343132971,-5.62664024841057,3.46031926093266E-14,13606.139792146645],[9.2731278781991673,-5.62664024841057,3.7186472775443979,1.3775800900782609E-15,-2.3088902324537641],[-5.3006093246831386E-14,3.46031926093266E-14,1.3775800900782609E-15,34866.8652193825,3.3522828988160495E-15],[15383.605691214298,13606.139792146645,-2.3088902324537641,3.3522828988160495E-15,11815.334476886226]],[[19871.493007703175,17495.477833955727,9.2381305016849389,-7.5517105686140108E-14,15171.780006177096],[17495.477833955727,16493.925018917318,-5.5795237443966492,4.94574837008393E-14,13908.334292669237],[9.2381305016849389,-5.5795237443966492,3.7445553329223182,2.4367615631334016E-15,-2.3394724166657692],[-7.5517105686140108E-14,4.94574837008393E-14,2.4367615631334016E-15,34582.258348830925,5.22795166213865E-15],[15171.780006177096,13908.334292669237,-2.3394724166657692,5.22795166213865E-15,11867.261129573231]],[[19250.456532670956,17555.81967721213,9.2034770145443581,-4.7936866764642463E-14,14961.677198974976],[17555.81967721213,17125.323200422259,-5.5323208719501169,3.090421204729091E-14,14206.356217303162],[9.2034770145443581,-5.5323208719501169,3.7715156730354682,-1.4375133025499635E-15,-2.3705081088577979],[-4.7936866764642463E-14,3.090421204729091E-14,-1.4375133025499635E-15,34299.399939839481,3.3722741706369724E-15],[14961.677198974976,14206.356217303162,-2.3705081088577979,3.3722741706369724E-15,11917.181991255089]],[[18649.621788422286,17604.985779508719,9.1692191196537891,-4.98969647249962E-14,14753.314004721786],[17604.985779508719,17759.190705460693,-5.4850544024352885,3.2622603910680627E-14,14500.166173416666],[9.1692191196537891,-5.4850544024352885,3.7995590102335051,1.6377447683295241E-15,-2.4020291932353119],[-4.98969647249962E-14,3.2622603910680627E-14,1.6377447683295241E-15,34018.297354990107,2.6042685756914787E-15],[14753.314004721786,14500.166173416666,-2.4020291932353119,2.6042685756914787E-15,11965.071135429569]],[[18068.32946834516,17643.496345217336,9.1354164249906749,-3.4479361981472122E-14,14546.707156323353],[17643.496345217336,18395.144302162673,-5.4377518614157649,2.2458459837591765E-14,14789.728096346504],[9.1354164249906749,-5.4377518614157649,3.8287182947962983,1.0222058235238329E-15,-2.4340712630893169],[-3.4479361981472122E-14,2.2458459837591765E-14,1.0222058235238329E-15,33738.957260566196,1.2389647840218151E-15],[14546.707156323353,14789.728096346504,-2.4340712630893169,1.2389647840218151E-15,12010.905923190767]],[[17505.940451394017,17671.852319171161,9.1021233596584388,-3.9235356064122485E-14,14341.873273270183],[17671.852319171161,19032.818989979693,-5.3904371423406552,2.6056389811426005E-14,15075.009229558042],[9.1021233596584388,-5.3904371423406552,3.859027699154427,3.9789865921416826E-15,-2.4666720625761069],[-3.9235356064122485E-14,2.6056389811426005E-14,3.9789865921416826E-15,33461.385662735367,8.5719201433002967E-16],[14341.873273270183,15075.009229558042,-2.4666720625761069,8.5719201433002967E-16,12054.666910799511]],[[16961.835293062883,17690.535971276106,9.0693845500017947,-5.481681435078009E-14,14138.828750072224],[17690.535971276106,19671.867342016514,-5.3431275381881669,3.6466660228565174E-14,15355.980103430553],[9.0693845500017947,-5.3431275381881669,3.8905221501802272,4.8206124944849113E-15,-2.4998706072741816],[-5.481681435078009E-14,3.6466660228565174E-14,4.8206124944849113E-15,33185.587942894985,2.3882753414808989E-15],[14138.828750072224,15355.980103430553,-2.4998706072741816,2.3882753414808989E-15,12096.337756183126]],[[16435.413808665457,17700.01141471423,9.0372383777862115,-5.1194397969168038E-14,13937.5896437468],[17700.01141471423,20311.958899720092,-5.295836009646866,3.3919127977017094E-14,15632.614513385663],[9.0372383777862115,-5.295836009646866,3.923237483