{"n_step":2000,"k":-0.196,"m0":0,"omega":0.5,"P_opt":[[[50691.122702602843,-26252.491567356778,51.405202024067343,2.3118482598958832E-14,11199.189587761524],[-26252.491567356778,13671.751097766466,-24.115601119521141,-1.1786109554322998E-14,-5740.1148232571832],[51.405202024067343,-24.115601119521141,9.1134135075463671,4.6155485307960286E-15,-1.6381837316090455],[2.3118482598958832E-14,-1.1786109554322998E-14,4.6155485307960286E-15,5554.6714952029579,1.7589788846783907E-16],[11199.189587761524,-5740.1148232571832,-1.6381837316090455,1.7589788846783907E-16,2580.4522635115613]],[[49349.441140032162,-25215.851649499305,51.272018544355817,2.2411003171929014E-14,11088.236250215783],[-25215.851649499305,12961.554306786647,-24.108752062128939,-1.1684468505573868E-14,-5603.8132864652571],[51.272018544355817,-24.108752062128939,9.0821132227116959,4.5719543497126035E-15,-1.6610382304902676],[2.2411003171929014E-14,-1.1684468505573868E-14,4.5719543497126035E-15,5496.7586021101824,3.9182397869125644E-16],[11088.236250215783,-5603.8132864652571,-1.6610382304902676,3.9182397869125644E-16,2598.6935050745656]],[[48020.404160185411,-24193.944369593304,51.147513041050217,3.35799798661663E-14,10975.599943986064],[-24193.944369593304,12268.092976597376,-24.100299401372304,-1.7066663007615813E-14,-5465.7882185534054],[51.147513041050217,-24.100299401372304,9.0537272279419376,6.0717797106720309E-15,-1.6846628439581561],[3.35799798661663E-14,-1.7066663007615813E-14,6.0717797106720309E-15,5465.2219025605782,-4.4920677485078592E-16],[10975.599943986064,-5465.7882185534054,-1.6846628439581561,-4.4920677485078592E-16,2617.0648960521239]],[[46705.32841078224,-23187.805092597206,51.030199944707512,3.6148149421800456E-14,10861.427057416786],[-23187.805092597206,11592.125910432947,-24.089774632104209,-1.8122507953865959E-14,-5326.1704759167224],[51.030199944707512,-24.089774632104209,9.0276295509697349,6.8432391908261327E-15,-1.7093276648959264],[3.6148149421800456E-14,-1.8122507953865959E-14,6.8432391908261327E-15,5433.4015280054509,-2.6923275059308228E-16],[10861.427057416786,-5326.1704759167224,-1.7093276648959264,-2.6923275059308228E-16,2635.57873315923]],[[45405.473042280086,-22198.409884016175,50.918889529431489,4.6903403606930875E-14,10745.857628173868],[-22198.409884016175,10934.35125554743,-24.076845347821862,-2.3364069738840255E-14,-5185.0880071267311],[50.918889529431489,-24.076845347821862,9.00351231199605,7.8377793285315325E-15,-1.7350094497297759],[4.6903403606930875E-14,-2.3364069738840255E-14,7.8377793285315325E-15,5401.3134821666536,-1.585494259295045E-15],[10745.857628173868,-5185.0880071267311,-1.7350094497297759,-1.585494259295045E-15,2654.2446660265059]],[[44122.030977154354,-21226.669893813269,50.8123450354358,4.852207063895369E-14,10629.025829469196],[-21226.669893813269,10295.402963021939,-24.061161026706952,-2.4184879477913238E-14,-5042.6661057718211],[50.8123450354358,-24.061161026706952,8.9810481989105977,7.7716940930048745E-15,-1.761685611252078],[4.852207063895369E-14,-2.4184879477913238E-14,7.7716940930048745E-15,5368.9734907210823,-2.0389133342298075E-15],[10629.025829469196,-5042.6661057718211,-1.761685611252078,-2.0389133342298075E-15,2673.0692290992656]],[[42856.126736720085,-20273.429229528032,50.709469907757558,5.6407082059838663E-14,10511.059778630379],[-20273.429229528032,9675.849226760949,-24.0424572965728,-2.8329878881843496E-14,-4899.027328987323],[50.709469907757558,-24.0424572965728,8.9598906284784139,8.2575277518581724E-15,-1.7893701743278605],[5.6407082059838663E-14,-2.8329878881843496E-14,8.2575277518581724E-15,5336.3969948727281,-3.1481311614172319E-15],[10511.059778630379,-4899.027328987323,-1.7893701743278605,-3.1481311614172319E-15,2692.0558471542672]],[[41608.814533257748,-19339.463275482434,50.609418239691422,5.2717406797584718E-14,10392.081391767009],[-19339.463275482434,9076.1914397531273,-24.020583948056313,-2.5904777077674561E-14,-4754.2913915230465],[50.609418239691422,-24.020583948056313,8.939775456688043,8.8836323541645166E-15,-1.8180391548077517],[5.2717406797584718E-14,-2.5904777077674561E-14,8.8836323541645166E-15,5303.5991455420681,-1.9684597022129439E-15],[10392.081391767009,-4754.2913915230465,-1.8180391548077517,-1.9684597022129439E-15,2711.2049695700771]],[[40381.073816553231,-18425.476077255189,50.511338167482705,4.83493136417706E-14,10272.206595716292],[-18425.476077255189,8496.8629559264464,-23.99540562287654,-2.3906392273623832E-14,-4608.5752738076917],[50.511338167482705,-23.99540562287654,8.920415478333247,7.8578707251962354E-15,-1.8476779000051498],[4.83493136417706E-14,-2.3906392273623832E-14,7.8578707251962354E-15,5270.5947981595609,-2.0876971071621061E-15],[10272.206595716292,-4608.5752738076917,-1.8476779000051498,-2.0876971071621061E-15,2730.5140451563457]],[[39173.805775991088,-17532.0983726971,50.414302593897588,3.6716401541447504E-14,10151.545673172383],[-17532.0983726971,7938.22839013916,-23.966752002109825,-1.8092019933687874E-14,-4461.9933737399806],[50.414302593897588,-23.966752002109825,8.9015243079923909,6.3204772871102426E-15,-1.8782477949213658],[3.6716401541447504E-14,-1.8092019933687874E-14,6.3204772871102426E-15,5237.3985080494322,-1.2632985754762837E-15],[10151.545673172383,-4461.9933737399806,-1.8782477949213658,-1.2632985754762837E-15,2749.9775797796729]],[[37987.833704684432,-16659.8878819084,50.317498029229867,3.2869715203258763E-14,10030.20324560978],[-16659.8878819084,7400.5843156051187,-23.934511531667212,-1.6309723270957809E-14,-4314.6574711128123],[50.317498029229867,-23.934511531667212,8.8828347774696983,5.9281971632143693E-15,-1.9097087274698614],[3.2869715203258763E-14,-1.6309723270957809E-14,5.9281971632143693E-15,5204.024526389363,-7.7411466466531355E-16],[10030.20324560978,-4314.6574711128123,-1.9097087274698614,-7.7411466466531355E-16,2769.5872416691182]],[[36823.89881712028,-15809.327607786756,50.219726423573213,3.7760794686643771E-14,9908.278674705778],[-15809.327607786756,6884.1592062572163,-23.898386821044397,-1.842043394432965E-14,-4166.6768919696142],[50.219726423573213,-23.898386821044397,8.8640224589853318,6.5011622387175209E-15,-1.9419918471041686],[3.7760794686643771E-14,-1.842043394432965E-14,6.5011622387175209E-15,5170.4867967311357,-1.4539865881971854E-15],[9908.278674705778,-4166.6768919696142,-1.9419918471041686,-1.4539865881971854E-15,2789.3319559506913]],[[35682.663858120475,-14980.828146303798,50.120077738772046,3.6139266970527435E-14,9785.866133902513],[-14980.828146303798,6389.115533891586,-23.858213626706284,-1.8086264792999729E-14,-4018.1585065709019],[50.120077738772046,-23.858213626706284,8.8448219556184569,5.0627475244535767E-15,-1.9750285497864577],[3.6139266970527435E-14,-1.8086264792999729E-14,5.0627475244535767E-15,5136.7989520669316,-2.5049100692500756E-15],[9785.866133902513,-4018.1585065709019,-1.9750285497864577,-2.5049100692500756E-15,2809.1980362876793]],[[34564.709110307595,-14174.726494691371,50.017370391830632,4.1268309083880443E-14,9663.0551765738583],[-14174.726494691371,5915.5503421524809,-23.813672302002974,-2.0665210855625349E-14,-3869.20696088864],[50.017370391830632,-23.813672302002974,8.82496367419275,5.6426538620306088E-15,-2.008701986972373],[4.1268309083880443E-14,-2.0665210855625349E-14,5.6426538620306088E-15,5102.9743124254273,-3.0455981156679565E-15],[9663.0551765738583,-3869.20696088864,-2.008701986972373,-3.0455981156679565E-15,2829.1693097642151]],[[33470.535328878272,-13391.2885038497,49.910490938168195,3.3474279272464341E-14,9539.9308899498719],[-13391.2885038497,5463.49779763172,-23.764448890229065,-1.6789839135906826E-14,-3719.9246972071169],[49.910490938168195,-23.764448890229065,8.8042304544492325,4.8324380531175275E-15,-2.0428644133695872],[3.3474279272464341E-14,-1.6789839135906826E-14,4.8324380531175275E-15,5069.0258829816485,-2.1833928188089767E-15],[9539.9308899498719,-3719.9246972071169,-2.0428644133695872,-2.1833928188089767E-15,2849.2272799785351]],[[32400.564266207279,-12630.710283024871,49.798366209367323,2.9998524393905455E-14,9416.57427995126],[-12630.710283024871,5032.931346456674,-23.710214651091491,-1.5061988121265238E-14,-3570.4120884199369],[49.798366209367323,-23.710214651091491,8.7824587268578647,4.0766139738304189E-15,-2.0773337731968575],[2.9998524393905455E-14,-1.5061988121265238E-14,4.0766139738304189E-15,5034.9663526641343,-2.2908764262530437E-15],[9416.57427995126,-3570.4120884199369,-2.0773337731968575,-2.2908764262530437E-15,2869.3512793313703]],[[31355.142263629081,-11893.121310214514,49.680275352695077,1.8749905477919989E-14,9293.06245796199],[-11893.121310214514,4623.7668493084238,-23.650780089891807,-9.0721119695560333E-15,-3420.7674665619188],[49.680275352695077,-23.650780089891807,8.759580745184028,3.1653115766884395E-15,-2.1119186104256316],[1.8749905477919989E-14,-9.0721119695560333E-15,3.1653115766884395E-15,5000.8080932427465,-9.5645651129721175E-16],[9293.06245796199,-3420.7674665619188,-2.1119186104256316,-9.5645651129721175E-16,2889.5186455855437]],[[30334.539739742075,-11178.585649353739,49.555475366751864,5.9152260319750068E-15,9169.4690878270412],[-11178.585649353739,4235.8648752119661,-23.585913229462154,-2.8076520582056004E-15,-3271.0872754888132],[49.555475366751864,-23.585913229462154,8.7355580738077627,1.2253847632153236E-15,-2.1464059156317257],[5.9152260319750068E-15,-2.8076520582056004E-15,1.2253847632153236E-15,4966.56315888029,-1.3357401402839585E-16],[9169.4690878270412,-3271.0872754888132,-2.1464059156317257,-1.3357401402839585E-16,2909.7048896399056]],[[29338.95513474477,-10487.105538503856,49.423359155414353,3.7821926619664549E-16,9045.864517156795],[-10487.105538503856,3869.0342752055144,-23.515420646508474,6.8682907758700744E-16,-3121.4660506626233],[49.423359155414353,-23.515420646508474,8.7103963436195535,1.8138448153556388E-15,-2.1805798298129617],[3.7821926619664549E-16,6.8682907758700744E-16,1.8138448153556388E-15,4932.2432861309089,1.4852994094018608E-15],[9045.864517156795,-3121.4660506626233,-2.1805798298129617,1.4852994094018608E-15,2929.88390023568]],[[28368.518753389777,-9818.6249475911245,49.283660775136383,-1.5004052719229482E-16,8922.316005751085],[-9818.6249475911245,3523.0357500407213,-23.439252078283435,1.3780100681424336E-15,-2971.9964528201217],[49.283660775136383,-23.439252078283435,8.6841699475893623,2.2946855972964674E-15,-2.2142404551800836],[-1.5004052719229482E-16,1.3780100681424336E-15,2.2946855972964674E-15,4897.8598943681391,1.9472542803421375E-15],[8922.316005751085,-2971.9964528201217,-2.2142404551800836,1.9472542803421375E-15,2950.0281347343366]],[[27423.294543383156,-9173.0323068582911,49.136130805211714,2.1645783643557594E-15,8798.8879520440514],[-9173.0323068582911,3197.5851096733304,-23.357347538825948,1.3285671987455943E-16,-2822.7692772280052],[49.136130805211714,-23.357347538825948,8.6569602165378612,2.2422250555958162E-15,-2.2471950353516874],[2.1645783643557594E-15,1.3285671987455943E-16,2.2422250555958162E-15,4863.4240866254386,1.3768175469999492E-15],[8798.8879520440514,-2822.7692772280052,-2.2471950353516874,1.3768175469999492E-15,2970.1088306104534]],[[26503.28475893155,-8550.1646346251655,48.980730879208487,1.2133363714758051E-14,8675.64203303572],[-8550.1646346251655,2892.3571906426223,-23.269740544418013,-5.4660827034044777E-15,-2673.8734275855209],[48.980730879208487,-23.269740544418013,8.6288761191818182,3.1861316010327081E-15,-2.2792764455005643],[1.2133363714758051E-14,-5.4660827034044777E-15,3.1861316010327081E-15,4828.9466508319456,5.5660271793127944E-16],[8675.64203303572,-2673.8734275855209,-2.2792764455005643,5.5660271793127944E-16,2990.0962093284538]],[[25608.432191227439,-7949.8104446039943,48.817473995603955,3.2254521494663687E-15,8552.6375099599227],[-7949.8104446039943,2606.9891448576363,-23.176472521093437,-7.9630502754079816E-17,-2525.3959657293544],[48.817473995603955,-23.176472521093437,8.6000382579353509,3.0462982764921514E-15,-2.3103284249568623],[3.2254521494663687E-15,-7.9630502754079816E-17,3.0462982764921514E-15,4794.4380614262882,1.9739080326462356E-15],[8552.6375099599227,-2525.3959657293544,-2.3103284249568623,1.9739080326462356E-15,3009.9596720115919]],[[24738.624857801096,-7371.713945150439,48.646537718968617,6.9238914609366922E-15,8429.931322052862],[-7371.713945150439,2341.0843718681263,-23.077657609368394,-2.0937216207795675E-15,-2377.422053297405],[48.646537718968617,-23.077657609368394,8.57058617953388,3.1361909930726034E-15,-2.3402192162940496],[6.9238914609366922E-15,-2.0937216207795675E-15,3.1361909930726034E-15,4759.9084813312393,1.2579124554251648E-15],[8429.931322052862,-2377.422053297405,-2.3402192162940496,1.2579124554251648E-15,3029.6680041711124]],[[23893.698961456226,-6815.5783614699112,48.468110450206055,8.6332210729499526E-15,8307.5782798064483],[-6815.5783614699112,2094.2159765586348,-22.973407108400853,-3.0632745366157245E-15,-2230.0349373040663],[48.468110450206055,-22.973407108400853,8.54065525096495,3.1738533015052392E-15,-2.3688317734699345],[8.6332210729499526E-15,-3.0632745366157245E-15,3.1738533015052392E-15,4725.3677642721495,9.542239726953563E-16],[8307.5782798064483,-2230.0349373040663,-2.3688317734699345,9.542239726953563E-16,3049.189572082375]],[[23073.443311256164,-6281.0699427075951,48.282467804424442,1.1698545965019448E-14,8185.6311621255263],[-6281.0699427075951,1865.9305026174434,-22.863869428496059,-4.5597382784395776E-15,-2083.3158911616038],[48.282467804424442,-22.863869428496059,8.5103867242472262,3.5604883533925317E-15,-2.3960694060728533],[1.1698545965019448E-14,-4.5597382784395776E-15,3.5604883533925317E-15,4690.82545742219,6.425746829221423E-16],[8185.6311621255263,-2083.3158911616038,-2.3960694060728533,6.425746829221423E-16,3068.4925152277292]],[[22277.602511376615,-5767.8213129373189,48.089863583744837,-1.0027039037344131E-15,8064.1408752652942],[-5767.8213129373189,1655.7512708242489,-22.749179132573168,4.1657459290755906E-16,-1937.344188573157],[48.089863583744837,-22.749179132573168,8.4799087905528729,1.3295669099833259E-16,-2.4218500534058376],[-1.0027039037344131E-15,4.1657459290755906E-16,1.3295669099833259E-16,4656.2908043574953,5.208820676396001E-16],[8064.1408752652942,-1937.344188573157,-2.4218500534058376,5.208820676396001E-16,3087.5449259309989]],[[21505.881563251463,-5275.43545764867,47.890656530590327,-3.0546698720432331E-16,7943.1565188868171],[-5275.43545764867,1463.1819540167787,-22.629517192260991,4.8922043543150328E-16,-1792.1970317812852],[47.890656530590327,-22.629517192260991,8.4493608616977536,7.3280263723626794E-16,-2.4461099415195884],[-3.0546698720432331E-16,4.8922043543150328E-16,7.3280263723626794E-16,4621.7727483056,8.18868362341931E-16],[7943.1565188868171,-1792.1970317812852,-2.4461099415195884,8.18868362341931E-16,3106.3150263625271]],[[20757.949068753274,-4803.4889690641166,47.685204989109181,1.2389619605870334E-14,7822.7254973550571],[-4803.4889690641166,1287.7096997874935,-22.505067425951662,-6.8604032426613037E-15,-1647.9495091058543],[47.685204989109181,-22.505067425951662,8.4188695366173825,1.5251810603812205E-15,-2.4688012164737434],[1.2389619605870334E-14,-6.8604032426613037E-15,1.5251810603812205E-15,4587.2799356706528,-6.9933931255932448E-16],[7822.7254973550571,-1647.9495091058543,-2.4688012164737434,-6.9933931255932448E-16,3124.7713303867417]],[[20033.441284478493,-4351.5356462586806,47.473901233809038,1.3547278876974935E-14,7702.8935578037908],[-4351.5356462586806,1128.808356544972,-22.37603021389285,-7.28573381431665E-15,-1504.6745137955998],[47.473901233809038,-22.37603021389285,8.3885578619991161,1.8918682821114237E-15,-2.489891393804053],[1.3547278876974935E-14,-7.28573381431665E-15,1.8918682821114237E-15,4552.8207198191058,-6.2370892909333625E-16],[7702.8935578037908,-1504.6745137955998,-2.489891393804053,-6.2370892909333625E-16,3142.882803267069]],[[19331.965992349458,-3919.1099025715275,47.257219401562359,1.6518831069977088E-14,7583.7048369823142],[-3919.1099025715275,985.9414900992374,-22.24264866667356,-8.6033137957337715E-15,-1362.4426790716477],[47.257219401562359,-22.24264866667356,8.358551214404784,2.5504468582852483E-15,-2.5093665754563892],[1.6518831069977088E-14,-8.6033137957337715E-15,2.5504468582852483E-15,4518.4031651099021,-6.4597651205967336E-16],[7583.7048369823142,-1362.4426790716477,-2.5093665754563892,-6.4597651205967336E-16,3160.6190047969126]],[[18653.105189443268,-3505.7294834005334,47.035613066688512,2.96242404483906E-14,7465.2019633240016],[-3505.7294834005334,858.56494362876253,-22.105162941350287,-1.5945245246116066E-14,-1221.3223489052314],[47.035613066688512,-22.105162941350287,8.32895822337932,3.8210692925088709E-15,-2.5272257481257743],[2.96242404483906E-14,-1.5945245246116066E-14,3.8210692925088709E-15,4484.0350511533061,-1.7558579887639097E-15],[7465.2019633240016,-1221.3223489052314,-2.5272257481257743,-1.7558579887639097E-15,3177.9502170127157]],[[17996.418317965195,-3110.8984125181928,46.809467939257523,3.5619419612931236E-14,7347.4260793184076],[-3110.8984125181928,746.12946196584062,-21.963774862129572,-1.9279545008243809E-14,-1081.3794987893643],[46.809467939257523,-21.963774862129572,8.2998773460618178,4.4996140730983481E-15,-2.5434683315149615],[3.5619419612931236E-14,-1.9279545008243809E-14,4.4996140730983481E-15,4449.7238772829114,-2.1246689449148934E-15],[7347.4260793184076,-1081.3794987893643,-2.5434683315149615,-2.1246689449148934E-15,3194.847574926825]],[[17361.446906476733,-2734.1105155813625,46.579329187882628,2.0194114462087475E-14,7230.4167770807935],[-2734.1105155813625,648.08345942240976,-21.818774101537088,-1.0694392168756362E-14,-942.67764063902848],[46.579329187882628,-21.818774101537088,8.2714188593822033,3.0643760063123429E-15,-2.5581151437870129],[2.0194114462087475E-14,-1.0694392168756362E-14,3.0643760063123429E-15,4415.4768672256232,-5.918310355447337E-16],[7230.4167770807935,-942.67764063902848,-2.5581151437870129,-5.918310355447337E-16,3211.2831775518171]],[[16747.715245325959,-2374.8508770377985,46.345544219098862,2.3028367096166538E-14,7114.2122573527158],[-2374.8508770377985,563.87467382334921,-21.670359892493735,-1.3220538777641814E-14,-805.27783817790817],[46.345544219098862,-21.670359892493735,8.2436514582738454,2.3841641159970596E-15,-2.5711849713480444],[2.3028367096166538E-14,-1.3220538777641814E-14,2.3841641159970596E-15,4381.3009739546087,-1.3923577432141745E-15],[7114.2122573527158,-805.27783817790817,-2.5711849713480444,-1.3923577432141745E-15,3227.2301788487216]],[[16154.734579216734,-2032.5989326432843,46.10849444892402,3.6976376742006859E-14,6998.8492699085709],[-2032.5989326432843,492.95252804124743,-21.51875206154434,-2.1164205503317837E-14,-669.23862231653686],[46.10849444892402,-21.51875206154434,8.21664317400504,3.5074916070919067E-15,-2.5827047299449428],[3.6976376742006859E-14,-2.1164205503317837E-14,3.5074916070919067E-15,4347.2028847107067,-2.8563771456242392E-15],[6998.8492699085709,-669.23862231653686,-2.5827047299449428,-2.8563771456242392E-15,3242.6628798498932]],[[15582.006488867371,-1706.831143318494,45.868653527603129,2.7165470710420134E-14,6884.3630440850675],[-1706.831143318494,434.77022486477961,-21.364230483318376,-1.5863019232012528E-14,-534.61590622943811],[45.868653527603129,-21.364230483318376,8.1904610649462342,2.3745521032142511E-15,-2.5927170278941403],[2.7165470710420134E-14,-1.5863019232012528E-14,2.3745521032142511E-15,4313.1890261779581,-2.0865261246676106E-15],[6884.3630440850675,-534.61590622943811,-2.5927170278941403,-2.0865261246676106E-15,3257.5568120621547]],[[15029.024005350881,-1397.0223440881514,45.626427950741217,1.8603433337512991E-14,6770.7873984694124],[-1397.0223440881514,388.78603976099379,-21.207050165092678,-1.2154780586421692E-14,-401.46300509358463],[45.626427950741217,-21.207050165092678,8.1651523115768363,4.9674892749027555E-16,-2.6012675769898213],[1.8603433337512991E-14,-1.2154780586421692E-14,4.9674892749027555E-16,4279.265569799325,-1.9246433506710152E-15],[6770.7873984694124,-401.46300509358463,-2.6012675769898213,-1.9246433506710152E-15,3271.8887935346747]],[[14495.274832608504,-1102.6481353113463,45.382272479126328,2.95549643960465E-14,6658.1546686364682],[-1102.6481353113463,354.46508998093418,-21.047501305701907,-1.6726684130038346E-14,-269.83056491950049],[45.382272479126328,-21.047501305701907,8.1407608232087156,2.8777450539547194E-15,-2.6084110700374308],[2.95549643960465E-14,-1.6726684130038346E-14,2.8777450539547194E-15,4245.4384372189888,-2.4355257335140723E-15],[6658.1546686364682,-269.83056491950049,-2.6084110700374308,-2.4355257335140723E-15,3285.6369918953078]],[[13980.241975371942,-823.18585040109531,45.136482292492076,1.1604641180983506E-14,6546.4958096883038],[-823.18585040109531,331.28028497759391,-20.885806032905464,-7.3409417025948E-15,-139.76659238103741],[45.136482292492076,-20.885806032905464,8.1172961275627085,6.66403273926924E-16,-2.6141967099752],[1.1604641180983506E-14,-7.3409417025948E-15,6.66403273926924E-16,4211.7133058379832,-8.3830459005032715E-16],[6546.4958096883038,-139.76659238103741,-2.6141967099752,-8.3830459005032715E-16,3298.7809617657131]],[[13483.407798649288,-558.11719551188571,44.889488722883527,9.58525056338328E-15,6435.8402380171156],[-558.11719551188571,318.71406091039177,-20.722266407267316,-6.0984486278492139E-15,-11.316356538091956],[44.889488722883527,-20.722266407267316,8.094777676268345,7.1535261886450346E-16,-2.6186875573228789],[9.58525056338328E-15,-6.0984486278492139E-15,7.1535261886450346E-16,4178.0956144702341,-2.5554307622403079E-16],[6435.8402380171156,-11.316356538091956,-2.6186875573228789,-2.5554307622403079E-16,3311.3016925091829]],[[13004.253962428686,-306.92873178741428,44.641586396515279,9.5459859408888659E-15,6326.2159542678855],[-306.92873178741428,316.25895316444831,-20.557127516071528,-7.2293983565099411E-15,115.47755881265981],[44.641586396515279,-20.557127516071528,8.0731952933592019,-3.0511912257168825E-16,-2.6219406294058061],[9.5459859408888659E-15,-7.2293983565099411E-15,-3.0511912257168825E-16,4144.5905690864247,-6.97043767711318E-16],[6326.2159542678855,115.47755881265981,-2.6219406294058061,-6.97043767711318E-16,3323.1816263725809]],[[12542.264519907681,-69.113851725059817,44.39316652150233,1.4585707018703315E-14,6217.6494417063459],[-69.113851725059817,323.41883728820886,-20.390694719967648,-8.9222310977617875E-15,240.57530573950828],[44.39316652150233,-20.390694719967648,8.0525436259318859,1.1441763313626595E-15,-2.6240223434273466],[1.4585707018703315E-14,-8.9222310977617875E-15,1.1441763313626595E-15,4111.2031486335609,-7.59885456802737E-16],[6217.6494417063459,240.57530573950828,-2.6240223434273466,-7.59885456802737E-16,3334.4046827891816]],[[12096.925892256564,155.82684889020183,44.144488764937449,6.3158036520692689E-15,6110.1657599224473],[155.82684889020183,339.70932514349522,-20.223218220739856,-3.8229512610996793E-15,363.93972212012778],[44.144488764937449,-20.223218220739856,8.032789680714048,7.1016421753394174E-16,-2.624991980503407],[6.3158036520692689E-15,-3.8229512610996793E-15,7.1016421753394174E-16,4077.93811091831,7.880315228785868E-17],[6110.1657599224473,363.93972212012778,-2.624991980503407,7.880315228785868E-17,3344.9562625696803]],[[11667.728213065466,368.38460598661919,43.895706301896155,8.4246051869585574E-15,6003.7885526833734],[368.38460598661919,364.65838090459954,-20.054904787080346,-3.0300563544264512E-15,485.53631418337],[43.895706301896155,-20.054904787080346,8.0138777782557113,2.613286953291256E-15,-2.6249017778317696],[8.4246051869585574E-15,-3.0300563544264512E-15,2.613286953291256E-15,4044.7999985426331,6.6878389681836559E-16],[6003.7885526833734,485.53631418337,-2.6249017778317696,6.6878389681836559E-16,3354.823248713451]],[[11254.168174616194,569.04077385501068,43.647082852580773,2.3621664227835006E-14,5898.5399156996509],[569.04077385501068,397.8072930134569,-19.886028963098592,-9.1230182819271122E-15,605.33330891884691],[43.647082852580773,-19.886028963098592,7.9957593004390253,6.08475075255589E-15,-2.6238129641560306],[2.3621664227835006E-14,-9.1230182819271122E-15,6.08475075255589E-15,4011.7931448806225,6.3533935494696227E-17],[5898.5399156996509,605.33330891884691,-2.6238129641560306,6.3533935494696227E-17,3363.9940125008839]],[[10855.748728418997,758.26678554953116,43.398806798413,1.6850574241421921E-14,5794.440496364612],[758.26678554953116,438.71073538755911,-19.716838889784089,-8.8082046721125843E-15,723.30158026030767],[43.398806798413,-19.716838889784089,7.9783664074602054,2.4570567039810666E-15,-2.62178201871518],[1.6850574241421921E-14,-8.8082046721125843E-15,2.4570567039810666E-15,3978.9216800856625,-5.961207369399892E-16],[5794.440496364612,723.30158026030767,-2.62178201871518,-5.961207369399892E-16,3372.4583953055758]],[[10471.980092774149,936.523509307979,43.151017319436626,1.9935589798405955E-14,5691.5094963948268],[936.523509307979,486.93708891963837,-19.547567678711061,-1.0295593926933779E-14,839.414618508296],[43.151017319436626,-19.547567678711061,7.9616173242158945,2.9216788552618466E-15,-2.6188618971055657],[1.9935589798405955E-14,-1.0295593926933779E-14,2.9216788552618466E-15,3946.1895371175196,-8.6360837091910119E-16],[5691.5094963948268,839.414618508296,-2.6188618971055657,-8.6360837091910119E-16,3380.20769124469]],[[10102.38083302093,1104.2605878534148,42.903838035277062,1.749156733491324E-14,5589.7646582674206],[1104.2605878534148,542.06874409372574,-19.378454154923027,-1.0208405016301074E-14,953.64850485640159],[42.903838035277062,-19.378454154923027,7.9454183507177438,1.6266331436367564E-15,-2.6151046539930634],[1.749156733491324E-14,-1.0208405016301074E-14,1.6266331436367564E-15,3913.6004577792246,-1.0178822674361692E-15],[5589.7646582674206,953.64850485640159,-2.6151046539930634,-1.0178822674361692E-15,3387.2346263551626]],[[9746.4786103636161,1261.91600872785,42.65739625627446,1.2450773597926853E-14,5489.2222714300469],[1261.91600872785,603.7022504683697,-19.209746304200223,-4.9622897416286409E-15,1065.9818716452519],[42.65739625627446,-19.209746304200223,7.9296714825446069,3.1179746971424961E-15,-2.6105616810308976],[1.2450773597926853E-14,-4.9622897416286409E-15,3.1179746971424961E-15,3881.1579987539471,1.9151462957970761E-16],[5489.2222714300469,1065.9818716452519,-2.6105616810308976,1.9151462957970761E-16,3393.5333318166977]],[[9403.8098447432949,1409.9162219106854,42.411673415527638,5.4742561536260392E-15,5389.8972473997028],[1409.9162219106854,671.44817083998089,-19.041631848461041,-1.2451211594889733E-15,1176.3958242692793],[42.411673415527638,-19.041631848461041,7.9142481256548756,2.2905984355674115E-15,-2.6052744383251172],[5.4742561536260392E-15,-1.2451211594889733E-15,2.2905984355674115E-15,3848.8655376324232,8.3562748373467085E-16],[5389.8972473997028,1176.3958242692793,-2.6052744383251172,8.3562748373467085E-16,3399.0993079482246]],[[9073.9212883777982,1548.6753963684266,42.166698416880813,1.4701081396504477E-15,5291.8030692809825],[1548.6753963684266,744.93131563074712,-18.874325922690105,1.2608176795177167E-15,1284.8739208098639],[42.166698416880813,-18.874325922690105,7.8990248277583781,2.0931161562581924E-15,-2.5992852958753065],[1.4701081396504477E-15,1.2608176795177167E-15,2.0931161562581924E-15,3816.7262789217771,1.2534872911335967E-15],[5291.8030692809825,1284.8739208098639,-2.5992852958753065,1.2534872911335967E-15,3403.9293934578504]],[[8756.3696685914783,1678.5956130444977,41.922424367256809,-3.6973827813082765E-15,5194.9518634223377],[1678.5956130444977,823.79051794307827,-18.708007525588044,4.30170496646009E-15,1391.4020917041266],[41.922424367256809,-18.708007525588044,7.8838667282599042,1.6832545302979714E-15,-2.5926277389688321],[-3.6973827813082765E-15,4.30170496646009E-15,1.6832545302979714E-15,3784.7432600269185,1.7312629329173846E-15],[5194.9518634223377,1391.4020917041266,-2.5926277389688321,1.7312629329173846E-15,3408.0217235636082]],[[8450.7231212184452,1800.0662230677701,41.678905105550356,2.0504235683463172E-15,5099.3543438358647],[1800.0662230677701,907.678784459746,-18.542904956332208,2.4834153801117115E-15,1495.9686165500418],[41.678905105550356,-18.542904956332208,7.86865530427014,3.3452617141139963E-15,-2.5853386750614278],[2.0504235683463172E-15,2.4834153801117115E-15,3.3452617141139963E-15,3752.9193571959568,1.5890901636999942E-15],[5099.3543438358647,1495.9686165500418,-2.5853386750614278,1.5890901636999942E-15,3411.3756938010606]],[[8156.560436160019,1913.4642943832455,41.436141068205316,1.046855399962736E-14,5005.0199085800987],[1913.4642943832455,996.262900179936,-18.379219960035158,-9.7443210442479789E-16,1598.5640247748881],[41.436141068205316,-18.379219960035158,7.8532647228375305,5.1357018346150358E-15,-2.5774473453022892],[1.046855399962736E-14,-9.7443210442479789E-16,5.1357018346150358E-15,3721.2572914214379,1.1142057460162242E-15],[5005.0199085800987,1598.5640247748881,-2.5774473453022892,1.1142057460162242E-15,3413.9919110006867]],[[7873.471561802834,2019.1545016222522,41.194159829722068,1.224807478842209E-14,4911.9566541266831],[2019.1545016222522,1089.2232719559527,-18.21716134289548,-1.4668025505621216E-16,1699.1810313610627],[41.194159829722068,-18.21716134289548,7.8375785178973834,6.7041435751044415E-15,-2.5689798393940446],[1.224807478842209E-14,-1.4668025505621216E-16,6.7041435751044415E-15,3689.7596342894021,1.3225145916321858E-15],[4911.9566541266831,1699.1810313610627,-2.5689798393940446,1.3225145916321858E-15,3415.8721473920232]],[[7601.0577029230626,2117.4891227642443,40.952956409244415,1.0738709188797302E-14,4820.1713899563729],[2117.4891227642443,1186.2537626807682,-18.056926244362408,2.0735177190074452E-15,1797.814479301042],[40.952956409244415,-18.056926244362408,7.821471915185163,7.5798808008547058E-15,-2.559957345429106],[1.0738709188797302E-14,2.0735177190074452E-15,7.5798808008547058E-15,3658.4288137686331,1.6752298605147184E-15],[4820.1713899563729,1797.814479301042,-2.559957345429106,1.6752298605147184E-15,3417.0192952713596]],[[7338.9298226670408,2208.8089673537947,40.712302479485551,2.3035593124652913E-14,4729.6697926895677],[2208.8089673537947,1287.0609964574519,-17.898594751979932,-3.5843160582291561E-15,1894.4612030357291],[40.712302479485551,-17.898594751979932,7.8047915431480916,9.7077707443449349E-15,-2.550380822533743],[2.3035593124652913E-14,-3.5843160582291561E-15,9.7077707443449349E-15,3627.2671199326719,8.0574275663715444E-16],[4729.6697926895677,1894.4612030357291,-2.550380822533743,8.0574275663715444E-16,3417.4373084573108]],[[7086.711501507616,2293.4420864056751,40.472155848603023,-1.1765434700483581E-14,4640.4562329766231],[2293.4420864056751,1391.3647827473951,-17.742339624461525,1.3267882252801374E-14,1989.1200565400904],[40.472155848603023,-17.742339624461525,7.7874108618307512,4.2057203334335786E-15,-2.5402621183913143],[-1.1765434700483581E-14,1.3267882252801374E-14,4.2057203334335786E-15,3596.2767106074657,3.231047635810648E-15],[4640.4562329766231,1989.1200565400904,-2.5402621183913143,3.231047635810648E-15,3417.1311669320348]],[[6844.0380004966519,2371.7044031390828,40.232532893677522,-1.3503918424808174E-14,4552.5338775382979],[2371.7044031390828,1498.8975721318945,-17.588362975353416,1.5161988549097637E-14,2081.7918033008978],[40.232532893677522,-17.588362975353416,7.7692109262365827,4.7123661958515955E-15,-2.5296152165449723],[-1.3503918424808174E-14,1.5161988549097637E-14,4.7123661958515955E-15,3565.4596169377742,3.5045470803275211E-15],[4552.5338775382979,2081.7918033008978,-2.5296152165449723,3.5045470803275211E-15,3416.1068210949447]],[[6610.5553822021157,2443.9003126916227,39.99338715542374,3.3177064960552725E-15,4465.9047829530064],[2443.9003126916227,1609.4039384812011,-17.436830734487909,8.5512494792436965E-15,2172.4790126312282],[39.99338715542374,-17.436830734487909,7.7500661894926992,8.4926717842389114E-15,-2.5184470055947208],[3.3177064960552725E-15,8.5512494792436965E-15,8.4926717842389114E-15,3534.8177488656852,2.5256793609158E-15],[4465.9047829530064,2172.4790126312282,-2.5184470055947208,2.5256793609158E-15,3414.3711369136422]],[[6385.9207526110085,2510.3226364154439,39.754586421427113,1.5107492512340415E-14,4380.5698927176754],[2510.3226364154439,1722.6404137962513,-17.287880282550457,1.9763730645559108E-15,2261.186008896791],[39.754586421427113,-17.287880282550457,7.7298265165780409,9.6350413491076234E-15,-2.5067588421508598],[1.5107492512340415E-14,1.9763730645559108E-15,9.6350413491076234E-15,3504.35290051487,1.4314388804258049E-15],[4380.5698927176754,2261.186008896791,-2.5067588421508598,1.4314388804258049E-15,3411.9318487217474]],[[6169.8021444073074,2571.2530229796894,39.5160421599756,2.9852550813890719E-14,4296.529106080663],[2571.2530229796894,1838.3749800177818,-17.141657224898353,-4.8523211101300127E-15,2347.9187667821584],[39.5160421599756,-17.141657224898353,7.7083569965972947,1.2146786509769697E-14,-2.4945518501577792],[2.9852550813890719E-14,-4.8523211101300127E-15,1.2146786509769697E-14,3474.0667554744114,3.4081170261603409E-16],[4296.529106080663,2347.9187667821584,-2.4945518501577792,3.4081170261603409E-16,3408.7975033567659]],[[5961.8788394853427,2626.9618297311004,39.277673724574832,1.9865692086323551E-14,4213.7812578339854],[2626.9618297311004,1956.3869637906514,-16.998320458578192,-3.5251864296449978E-15,2432.6848738529397],[39.277673724574832,-16.998320458578192,7.6855151319900248,7.9151997070629941E-15,-2.4818280470987935],[1.9865692086323551E-14,-3.5251864296449978E-15,7.9151997070629941E-15,3443.96089197632,5.343711718623749E-16],[4213.7812578339854,2432.6848738529397,-2.4818280470987935,5.343711718623749E-16,3404.9774156434219]],[[5761.8399556560371,2677.7090973478817,39.039294561182416,2.9205200263512348E-14,4132.3242634809149],[2677.7090973478817,2076.4662859766781,-16.857967719414862,-6.0881608354764142E-15,2515.4933949665369],[39.039294561182416,-16.857967719414862,7.6611474256828807,1.0832884275255093E-14,-2.468579907331133],[2.9205200263512348E-14,-6.0881608354764142E-15,1.0832884275255093E-14,3414.0367879610303,1.2154712144063906E-16],[4132.3242634809149,2515.4933949665369,-2.468579907331133,1.2154712144063906E-16,3400.4816092265896]],[[5569.3848127660949,2723.7444974852283,38.80065334774816,1.9135512472579691E-14,4052.1551095084569],[2723.7444974852283,2198.4132897097961,-16.720663709889571,-2.2867179004595444E-15,2596.3548245500438],[38.80065334774816,-16.720663709889571,7.63508940601352,8.4179813749921557E-15,-2.4547950484057894],[1.9135512472579691E-14,-2.2867179004595444E-15,8.4179813749921557E-15,3384.2958260254472,5.9322537522988651E-16],[4052.1551095084569,2596.3548245500438,-2.4547950484057894,5.9322537522988651E-16,3395.3207711378654]],[[5384.2247983380284,2765.3065800198788,38.561731853937879,1.837700752946869E-14,3973.2697467282387],[2765.3065800198788,2322.0388924294766,-16.586593222648208,-1.1801863966078754E-15,2675.2810839476329],[38.561731853937879,-16.586593222648208,7.6072054358521894,8.8424076288961458E-15,-2.4404782706605235],[1.837700752946869E-14,-1.1801863966078754E-15,8.8424076288961458E-15,3354.7392982483207,7.4126185501142695E-16],[3973.2697467282387,2675.2810839476329,-2.4404782706605235,7.4126185501142695E-16,3389.5062130015526]],[[5206.0797409206716,2802.6247755887703,38.322256291673163,1.9980984903289919E-14,3895.66337515093],[2802.6247755887703,2447.1633795053244,-16.455804433323539,2.4105217921332783E-16,2752.2853262540953],[38.322256291673163,-16.455804433323539,7.5773270703992912,1.0723401024800744E-14,-2.4256151430034212],[1.9980984903289919E-14,2.4105217921332783E-16,1.0723401024800744E-14,3325.3684108879788,8.6026510009649E-16],[3895.66337515093,2752.2853262540953,-2.4256151430034212,8.6026510009649E-16,3383.0498060246732]],[[5034.6792242858637,2835.9189112014706,38.081914564064945,3.2215483212005522E-14,3819.3303733555072],[2835.9189112014706,2573.6164229364645,-16.328330386390334,-4.5816600856498269E-15,2827.3819158317542],[38.081914564064945,-16.328330386390334,7.5452745933856109,1.344811579535763E-14,-2.4101903025125866],[3.2215483212005522E-14,-4.5816600856498269E-15,1.344811579535763E-14,3296.1842889476538,1.3688161431798904E-16],[3819.3303733555072,2827.3819158317542,-2.4101903025125866,1.3688161431798904E-16,3375.9639413957639]],[[4869.7630171891205,2865.3992523306265,37.840510763001575,2.8109214787464674E-14,3744.2643008272103],[2865.3992523306265,2701.2368282734906,-16.20424410502957,-1.8231774948767103E-15,2900.5863721039123],[37.840510763001575,-16.20424410502957,7.5108958480686807,1.3368263590554927E-14,-2.3941954328514394],[2.8109214787464674E-14,-1.8231774948767103E-15,1.3368263590554927E-14,3267.1879806039015,5.1049573740062077E-16],[3744.2643008272103,2900.5863721039123,-2.3941954328514394,5.1049573740062077E-16,3368.26148677521]],[[4711.0814913988615,2891.2663998475937,37.598007671562044,3.9453571024605871E-14,3670.4578837655522],[2891.2663998475937,2829.8724142237693,-16.083693930131982,-9.2448120913175571E-15,2971.9153297721505],[37.598007671562044,-16.083693930131982,7.4740615963455506,1.3684010989709054E-14,-2.3776344405171139],[3.9453571024605871E-14,-9.2448120913175571E-15,1.3684010989709054E-14,3238.3804614938454,-5.9600344767681873E-16],[3670.4578837655522,2971.9153297721505,-2.3776344405171139,-5.9600344767681873E-16,3359.9557459948205]],[[4558.3926406834216,2913.7129688488981,37.35414185189839,4.94845626096858E-14,3597.9032476141274],[2913.7129688488981,2959.3789742836452,-15.966705120011264,-1.418920656381643E-14,3041.3863730675725],[37.35414185189839,-15.966705120011264,7.4346141030602366,1.5181596515284153E-14,-2.36049582672152],[4.94845626096858E-14,-1.418920656381643E-14,1.5181596515284153E-14,3209.762638857238,-1.31977393232203E-15],[3597.9032476141274,3041.3863730675725,-2.36049582672152,-1.31977393232203E-15,3351.0604023919773]],[[4411.4637296605788,2932.9229993410372,37.108747212407266,3.2317501936085584E-14,3526.5918321555159],[2932.9229993410372,3089.6203489434993,-15.85333160133295,-6.2544541549830211E-15,3109.0180258792516],[37.108747212407266,-15.85333160133295,7.392421349338532,1.2218377533264733E-14,-2.3427741657215932],[3.2317501936085584E-14,-6.2544541549830211E-15,1.2218377533264733E-14,3181.3353555295512,-1.3748805890185407E-16],[3526.5918321555159,3109.0180258792516,-2.3427741657215932,-1.3748805890185407E-16,3341.5894849020096]],[[4270.0701049091922,2949.0725666730941,36.8615065153796,2.929055928490948E-14,3456.5144761324632],[2949.0725666730941,3220.467969873218,-15.743584040112527,-4.7101767238301857E-15,3174.8296694752466],[36.8615065153796,-15.743584040112527,7.3473018135176815,1.1798829363308838E-14,-2.3244587418443574],[2.929055928490948E-14,-4.7101767238301857E-15,1.1798829363308838E-14,3153.0993937826524,3.6912800442757594E-17],[3456.5144761324632,3174.8296694752466,-2.3244587418443574,3.6912800442757594E-17,3331.5573254741444]],[[4133.9966251878695,2962.3293650020069,36.6122964965081,2.87133689224086E-14,3387.6613538888009],[2962.3293650020069,3351.8008472084784,-15.637563420573771,-6.6346128210838525E-15,3238.8415222972026],[36.6122964965081,-15.637563420573771,7.2991033379247536,1.0053680531812866E-14,-2.3055535806644225],[2.87133689224086E-14,-6.6346128210838525E-15,1.0053680531812866E-14,3125.0554790097981,-1.5234049177238203E-16],[3387.6613538888009,3238.8415222972026,-2.3055535806644225,-1.5234049177238203E-16,3320.9785262405039]],[[4003.0357810794958,2972.8538123091262,36.360957014684836,4.07521043788144E-14,3320.0221262241694],[2972.8538123091262,3483.5048439550419,-15.535342468185583,-1.0013875099395713E-14,3301.0745217172557],[36.360957014684836,-15.535342468185583,7.2476719441808033,1.377031817629819E-14,-2.2860607121857885],[4.07521043788144E-14,-1.0013875099395713E-14,1.377031817629819E-14,3097.2042832520438,-7.1579331612194158E-16],[3320.0221262241694,3301.0745217172557,-2.2860607121857885,-7.1579331612194158E-16,3309.8679142961737]],[[3876.98780800603,2980.7992265390671,36.10740241268,3.6911109767533034E-14,3253.5859573084895],[2980.7992265390671,3615.4723551830443,-15.437029962274302,-1.1956012628802554E-1